eye 3 3 6
look 3 3 0
up 0 1 0
d 1
bounds -1 -1 1 1
res 4000 4000
ambient 0.0 0.0 0.0
light -3 6 0 1 0.5 0.5 0.5
light  9 6 0 1 1.0 0.5 0.5
light  3 -6 0 1 1.0 0.0 1.0
sphere 0 3 0 1 1.0 0.0 0.0 0.9 0.9 0.9
sphere 0 0 0 1 1.0 1.0 1.0 0.9 0.9 0.9
sphere 0 6 0 1 1.0 0.69 0.0 0.9 0.9 0.9
sphere 3 3 0 1 0.0 1.0 0.0 0.9 0.9 0.9
sphere 3 6 0 1 1.0 0.0 1.0 0.9 0.9 0.9
sphere 3 0 0 1 0.0 1.0 1.0 0.9 0.9 0.9
sphere 6 3 0 1 0.0 0.0 1.0 0.9 0.9 0.9
sphere 6 6 0 1 0.219608 0.556863 0.556863 0.9 0.9 0.9
sphere 6 0 0 1 0.50 1.0 0.80 0.9 0.9 0.9
